   1.0000000e+00   5.3351886e-01   2.8873307e-02  -1.4190964e+00   6.8681357e-01   9.8224912e-01   1.1446227e-01
   2.0000000e+00   1.8465597e+00  -1.9004789e-01  -5.9560373e-01   9.2675931e-01   6.4911021e-01  -4.4437818e-01
   2.0000000e+00   2.4922979e-01  -2.3964020e-01   4.2592600e-01   1.1645151e+00  -1.9065378e-01  -1.1103355e+00
   2.0000000e+00  -1.3627233e+00  -2.4905146e+00   4.2910443e-01  -2.0520887e-01   9.1371548e-03  -9.5957077e-01
   2.0000000e+00   8.3986509e-01  -4.2360565e-01   1.7832395e+00  -1.2193196e+00  -1.7241602e-02  -1.3030281e+00
   2.0000000e+00  -1.3573387e+00   4.2952363e-01  -5.7502097e-02  -2.5359542e-01   6.4495297e-01   2.3374583e-01
   2.0000000e+00  -7.0545696e-01   2.6327679e+00  -6.8376769e-01  -1.3944949e+00   4.3078239e-01  -1.2094106e+00
   2.0000000e+00  -1.3366736e+00   1.9160379e+00   1.2796038e+00  -1.4861583e-01   9.0828524e-02   1.4715225e+00
   2.0000000e+00  -9.0020752e-01  -1.2415004e-01   6.4150389e-01  -1.6872667e+00   2.9830618e-01  -4.5643765e-01
   2.0000000e+00  -2.3174640e-01   4.2543986e-03   6.4170863e-01  -3.3191267e-01  -4.4790491e-01  -3.7978018e-01
   2.0000000e+00   1.2047359e-01   8.3229085e-01   1.5811612e+00   1.2069587e-01  -3.4607432e-01  -2.2698529e+00
   1.0000000e+00   1.7460098e-01  -7.4458999e-01  -9.1169416e-01  -9.8232543e-01  -1.3497848e-01  -2.7050191e-01
   2.0000000e+00  -5.5791672e-01   3.0701520e-01  -8.4791469e-01  -1.0594352e+00   6.2443466e-01  -4.9945817e-01
   2.0000000e+00  -6.8517038e-01   1.4147095e+00   1.5024199e+00   4.7138624e-02   7.8065819e-01   1.3858486e+00
   2.0000000e+00   1.0954759e+00  -9.5931787e-01  -9.0125460e-01   5.2303166e-01  -1.8279805e+00   5.5257306e-01
   2.0000000e+00  -6.9450600e-01  -4.6444248e-01  -5.4880764e-01   3.8455683e-01  -7.2726701e-01  -7.5771985e-01
   2.0000000e+00   1.3679814e+00  -3.7101686e-01   1.2092452e+00  -1.8516075e+00   4.0906976e-01  -3.2155702e+00
   2.0000000e+00  -1.1182497e+00   5.1324814e-02   9.3854801e-01   1.3618327e+00  -3.4484448e-02   5.2685909e-01
   2.0000000e+00   5.9572122e-01   5.5285730e-01   7.9576720e-01   1.0504746e+00  -3.2054595e-01   6.0554744e-01
   2.0000000e+00   9.8199711e-01  -1.3713295e+00   6.2994226e-01   1.2995261e+00  -9.4343658e-01  -2.6560044e+00
   1.0000000e+00   8.1115522e-01   7.7746073e-02   4.6966260e-01  -4.1308233e-01   2.3670356e-01   1.0437518e+00
   2.0000000e+00   1.4139522e+00   2.9058410e-01  -1.1118995e+00  -6.2267231e-03   9.5966568e-01  -9.8355110e-01
   2.0000000e+00  -9.3928570e-01  -3.3448254e-01   3.7414026e-01  -6.7306663e-01   1.9530714e+00   2.1708657e+00
   2.0000000e+00  -1.7059357e-01  -1.0465870e+00  -7.3603367e-01  -4.4538996e-01   8.6317653e-01  -7.7644288e-01
   2.0000000e+00   5.2941696e-01   1.0085518e+00  -2.3926193e-01   1.0111301e+00  -1.0938190e+00  -7.2700113e-01
   2.0000000e+00  -7.3079214e-01   7.0662810e-01  -1.6085635e+00  -1.1778697e+00  -9.7227934e-01  -3.5032188e-01
   2.0000000e+00   2.6791895e+00  -1.0301472e+00   1.6689306e+00   1.6339631e+00   6.4042118e-01  -2.1968306e+00
   2.0000000e+00   5.9839974e-01  -2.2302284e+00   4.7669059e-01  -1.5876742e+00   4.3609724e-02  -1.0204826e+00
   1.0000000e+00   6.3179348e-01   9.5113315e-01  -1.7483617e+00   1.2131764e-01   1.0762179e+00   4.5583220e-02
   2.0000000e+00   1.0583569e+00   1.3379665e+00  -1.2192513e+00  -6.3276954e-01  -2.0837151e-01  -9.7608562e-01
   2.0000000e+00  -1.9204099e-01   1.9291332e-01   5.6710880e-01   5.1952945e-01  -7.6152045e-02   1.0502128e+00
   2.0000000e+00   7.5091065e-01   2.9305100e-02  -1.0845580e+00   1.2960469e+00   9.9630808e-01   2.1131463e+00
   2.0000000e+00  -1.0631486e-01   1.1052681e+00   4.3943085e-01  -1.4550581e+00   2.2786389e-01   7.6186700e-03
   2.0000000e+00  -1.1475797e-02  -1.8454664e+00   1.1749285e+00   1.2994675e+00  -7.0399862e-01  -3.3967491e-01
   2.0000000e+00  -1.1891811e+00  -6.6201119e-01   1.9798875e+00   5.5607651e-01  -2.8263952e+00   6.0665664e-01
   1.0000000e+00   7.1312847e-01   1.0326510e+00  -7.8775906e-02  -3.2127732e-01  -7.2383502e-01   1.3719526e-02
   2.0000000e+00  -9.5659265e-01   6.8341293e-02  -4.6140570e-01  -9.1063030e-01  -7.3375874e-01   1.0069968e-01
   2.0000000e+00  -1.2815808e+00  -1.2809864e+00   3.9305026e-01   1.4161121e+00  -1.2418922e-01  -2.4953306e-02
   2.0000000e+00  -1.3301715e+00  -1.7376090e+00  -6.1530936e-01   1.0829671e+00  -2.6044341e-01   9.9788936e-01
   2.0000000e+00   1.5078928e+00  -3.3621040e-01   1.3117354e+00  -6.2810505e-01  -1.9922669e-01   7.9973134e-01
   1.0000000e+00   2.0856577e-01  -4.6198880e-01   6.9587264e-01   3.1820306e-01  -8.4217145e-01   1.6192180e+00
   2.0000000e+00  -1.0239229e+00   1.3990201e+00   5.2191152e-02  -9.1222418e-01   8.9368231e-01   2.1124724e+00
   2.0000000e+00   4.3045530e-01   2.2766865e+00   3.0626836e-01   1.4014250e+00  -3.9826979e-01  -1.6421686e+00
   2.0000000e+00   1.2351718e+00  -7.7624734e-01  -1.4163977e+00   1.1082596e+00  -9.9908700e-01  -2.3124142e-01
   2.0000000e+00  -6.2139916e-02  -6.3855962e-01   2.4315206e-01   1.2619051e-01  -2.5823318e-01   7.3455481e-01
   2.0000000e+00  -2.5345253e-01   1.4124244e+00   1.1161728e+00  -6.0683708e-01   2.0619015e-01  -7.7903507e-01
   2.0000000e+00  -5.1473354e-01  -5.8046518e-01   3.3756149e-01   1.2159377e+00   1.6085981e+00   1.1483021e-01
   1.0000000e+00   2.9546688e-01   9.2601396e-01  -1.5614029e+00  -2.7748327e-01   1.2189972e+00  -2.9677920e-01
   2.0000000e+00  -2.7770504e-01   9.1753339e-01  -5.0836021e-01  -9.9649875e-01   1.1351318e+00  -3.1010976e-01
   2.0000000e+00   5.4010986e-01  -1.3612223e+00   1.1037326e+00  -1.1640283e+00   8.7871229e-01  -2.5834278e-01
   2.0000000e+00   8.7619820e-01  -2.2225234e-01  -9.1026619e-01  -9.0362567e-01   1.7848866e+00   1.4938995e+00
   2.0000000e+00  -1.6348694e+00   2.9770420e-01  -6.9774643e-01   1.0554374e+00   6.0502898e-01  -1.6651164e+00
   2.0000000e+00  -1.9027683e+00  -1.2743453e+00  -1.8289026e-01   7.4740979e-01   6.7678400e-02   1.7647785e-01
   2.0000000e+00  -2.0874024e-02   1.2916310e-01   1.6351946e-01  -1.9175153e+00  -8.1269595e-01   1.0286913e+00
   2.0000000e+00   1.0440019e+00  -6.3816556e-02  -3.3189272e-01   2.7819278e-01  -1.0954726e+00   7.5301868e-01
   2.0000000e+00  -1.2010322e+00  -1.2683623e-01   2.0005181e-01   1.5530251e-01  -8.6334500e-01   1.8992355e+00
   1.0000000e+00   8.2096882e-01  -1.3717091e+00  -1.2764621e+00  -5.5062165e-01   4.4095932e-01   4.7900485e-01
   2.0000000e+00   1.4064999e+00  -6.4837533e-01   2.6937860e-01   3.3903743e-01   1.3285275e+00  -1.0444501e+00
   1.0000000e+00   7.6425880e-01   6.4726413e-01   4.5482559e-01  -6.2776516e-03   2.0783416e-01   1.2810297e-01
   2.0000000e+00  -2.0347815e-01   7.6838487e-01  -1.1142844e+00   7.3193330e-02   4.6469249e-01  -5.3283854e-01
   2.0000000e+00   1.5448256e+00   1.8197251e+00   1.1039718e-03  -4.7617126e-01   1.7304132e-01  -6.2965495e-02
   2.0000000e+00   1.5732006e+00  -1.6675909e+00   1.3308833e+00  -8.2655947e-01   5.3566638e-01   2.5903147e-01
   2.0000000e+00   9.9519637e-01  -2.0219509e+00   1.1678408e+00  -1.2716189e+00   8.4828777e-01   1.1993402e+00
   2.0000000e+00  -1.7208836e+00   2.3692348e+00   3.9178689e-01  -3.0986714e-01   2.6618316e-01   2.8627474e-01
   2.0000000e+00  -4.5202697e-01  -1.1079855e+00   3.8789345e-01  -6.6044027e-01   6.2583816e-01   1.7275897e+00
   2.0000000e+00   2.0947890e+00   4.7030184e-01  -8.2427920e-01  -1.5883877e+00  -4.4650442e-01   5.9242534e-01
   2.0000000e+00   8.2663292e-01   1.8005435e+00  -1.4170576e+00   1.0204741e+00  -1.1338343e+00  -4.2798057e-01
   1.0000000e+00   7.8143149e-01   1.6161180e+00  -6.5048565e-01   4.9815727e-02   1.2440945e-01   5.8135199e-01
   2.0000000e+00   1.2450545e+00   9.2903423e-01  -4.5202598e-01  -2.3667314e-01  -1.2265262e+00   5.0160685e-02
   2.0000000e+00   4.3053267e-01  -4.3263117e-01  -7.4271278e-01  -1.7215896e+00   8.2953759e-01  -9.0011815e-01
   2.0000000e+00  -1.3966898e-01   3.0004997e-02  -4.6438951e-01  -2.6796101e-01   6.0035986e-01   1.2017103e+00
   2.0000000e+00  -2.9758445e-01  -8.4757905e-01   1.6621791e-01   5.9215808e-01  -2.1199845e-01   8.3532237e-02
   1.0000000e+00   9.7500521e-02  -4.9479515e-01   2.1957719e-01   5.0607833e-01  -4.6806512e-01   1.0056207e+00
   1.0000000e+00   7.8567964e-01  -1.7134671e+00   2.2928478e+00   5.6284171e-01  -1.5941738e+00   1.1634917e+00
   1.0000000e+00   1.9565966e-01  -7.1954975e-01  -1.4716189e+00   2.5980400e-01  -6.1779367e-01  -6.2500002e-01
   2.0000000e+00   6.8737275e-01   1.3117062e+00  -8.3366496e-01   1.3033490e+00  -1.7913489e+00   1.8295118e+00
   2.0000000e+00   1.2128310e+00  -8.1187725e-01  -8.3443031e-01  -5.0103399e-01  -7.6386731e-01   6.7522804e-01
   2.0000000e+00   8.3748519e-01  -7.4793781e-01   6.9086282e-01   1.5237130e+00   1.8527048e+00  -1.1558723e+00
   2.0000000e+00  -1.9781998e-01  -1.5290653e-01  -1.5387777e+00  -7.8334797e-02  -6.3306726e-01   1.0037222e-01
   2.0000000e+00  -2.9647557e-02  -3.4411497e-02   1.0121829e+00   1.4330574e+00  -1.3975457e+00  -1.4846457e+00
   1.0000000e+00   5.3337417e-01   6.0200569e-02  -1.6081657e+00  -2.5816756e-01   8.6179173e-01  -1.0267816e+00
   1.0000000e+00   2.4913280e-01   1.9716362e-01   1.0232949e+00   2.9134616e-01  -1.9036533e+00   4.6359091e-01
   2.0000000e+00   1.7162901e+00  -5.3751300e-01   1.0700627e+00   6.8892547e-02   2.2007002e+00   1.3654965e+00
   2.0000000e+00  -7.8503844e-01  -1.8530916e+00   7.9631738e-01  -1.4139432e-01  -2.3063492e-01  -2.0532976e+00
   1.0000000e+00   5.3987420e-01  -1.2108807e+00  -1.4475839e-01   3.2281149e-01  -3.4838778e-01  -3.3076673e-01
   2.0000000e+00  -8.6233636e-01  -5.6030608e-01   3.4863649e-01  -1.0140293e+00  -3.8328012e-01   3.0635005e-01
   2.0000000e+00   1.3458614e+00   2.6034150e-01   5.6697203e-01  -3.4758492e-02   6.7948386e-01   6.7406038e-02
   2.0000000e+00  -2.7778417e-01   4.5468585e-01   3.1361334e-01  -8.3265144e-01  -9.3059506e-01   2.9037964e-01
   2.0000000e+00  -4.0338564e-01  -7.2384611e-01  -8.5866172e-01   2.2934102e+00  -6.4437302e-01  -1.2820024e-01
   2.0000000e+00   5.9775331e-01  -1.4113557e+00   8.5905895e-01   9.1435712e-01  -4.1985699e-01   8.2888251e-01
   2.0000000e+00   1.4949027e+00  -3.8585339e-01  -7.7858417e-01  -1.3124429e+00  -1.1137806e+00   3.4669226e-02
   2.0000000e+00  -1.9652363e-01  -6.2950463e-01   2.2848276e+00   4.6668345e-01   3.9351750e-01  -2.4736891e-01
   2.0000000e+00   1.9525753e+00  -2.2975860e-01  -1.5444586e-01   9.2656786e-01  -2.4804943e-01  -9.0524850e-01
   2.0000000e+00  -2.1146346e+00  -1.0079964e+00  -1.9472335e+00   1.4544192e+00  -8.8476541e-01  -1.3345738e+00
   1.0000000e+00   4.4991029e-01  -8.7834397e-02   3.0012743e-04  -3.8037362e-01  -1.3627820e-01  -1.1424192e+00
   2.0000000e+00   5.1925455e-01   2.9037402e-01   1.5646419e+00  -1.2508571e+00  -6.6304378e-01   4.3413745e-01
   1.0000000e+00   2.4437024e-01   9.1437934e-01  -5.5405448e-01   6.1183346e-01   7.0317964e-01  -6.7622699e-01
   1.0000000e+00   4.9482848e-01  -5.4417024e-01   1.8711318e-02   3.3334215e-01  -8.3472987e-01  -4.2173637e-02
   2.0000000e+00  -8.1068910e-01   8.7582298e-01  -1.7414125e+00  -5.6272732e-01  -1.0259396e+00   5.2820087e-01
   2.0000000e+00  -2.0299851e+00  -2.9722216e-02  -3.6080365e-01   2.5187094e-02   1.3316099e+00   4.2898594e-01
   2.0000000e+00   1.0852126e+00   1.9616954e+00  -2.3608965e-01   1.6343082e+00  -2.7275427e-01   1.8596883e+00
   2.0000000e+00  -6.5486965e-01  -4.8192760e-02   3.6777630e-01   5.1473897e-01  -3.1313978e-01  -5.5294746e-01
   2.0000000e+00  -8.3188132e-01   2.5439508e+00   4.2097962e-01   1.8505456e+00  -4.0160328e-01   2.9248771e+00
   2.0000000e+00   1.2592101e+00  -1.2990254e-01  -1.8551185e+00   5.0593041e-01  -3.5938810e-01   3.8468830e-01
   2.0000000e+00  -1.0092435e+00  -1.2311452e+00   4.1650218e-01   1.4312386e+00  -1.5415282e+00  -1.3551898e+00
   2.0000000e+00   7.3146985e-01  -1.1993536e+00   1.1842747e+00   7.1433564e-01  -1.2791652e+00  -3.9625017e-01
   2.0000000e+00   1.7485036e+00  -4.3387685e-01   9.6804307e-01   1.8442045e+00  -4.3944369e-01   5.3326288e-01
   2.0000000e+00   7.4738344e-02  -6.6510499e-01   7.5581233e-01  -1.9745407e+00   2.6089456e-01   1.3224593e+00
   2.0000000e+00   2.8156367e-01  -4.8688670e-01   2.1976450e-01   1.0969415e+00   4.6709929e-01  -5.5444574e-01
   1.0000000e+00   7.1745615e-01  -9.3197290e-01  -1.5744871e-01   4.0741955e-02  -6.7521995e-02   4.0548527e-01
   1.0000000e+00   1.1451158e-01   5.1369799e-01   2.3105703e+00  -3.0985353e-01   2.6515485e-01   3.5377315e-01
   2.0000000e+00  -1.1184145e+00  -7.8074317e-02  -1.1670105e+00   2.0134400e+00   1.3508603e+00   9.2084156e-01
   2.0000000e+00   1.6012962e+00   1.3585790e+00  -3.8351114e-01   6.1118297e-02  -4.2130596e-01  -1.2234562e+00
   2.0000000e+00  -3.7069245e-01   1.0886701e+00   6.2547863e-02  -2.1146991e-01  -8.9404796e-01   2.2423593e+00
   2.0000000e+00  -9.5678018e-01  -3.0540726e-01  -5.2389801e-01   1.5813787e-01   6.9657838e-01  -1.1847033e+00
   1.0000000e+00   2.4188859e-01   5.3530877e-01  -9.7603331e-01  -7.3305319e-01  -6.1921524e-02   1.0334927e+00
   2.0000000e+00   7.8911017e-01   1.3432951e+00  -3.9108030e-01  -1.6791483e+00   9.1273446e-02  -2.8939470e-01
   1.0000000e+00   4.8311893e-01  -2.9854025e-01  -1.0176907e+00  -7.3169828e-01   1.6406552e+00   1.1189563e-01
   2.0000000e+00  -1.2112806e+00   5.0024967e-01   9.7991055e-01   3.7467382e-01  -2.6304771e-01   7.9981147e-01
   1.0000000e+00   1.7566454e-01   6.4025215e-01  -6.4073471e-01  -5.7034960e-01   1.5107552e+00  -6.5319128e-01
   1.0000000e+00   9.7571126e-01   1.3375079e+00   5.5691473e-01  -1.3682619e-02   2.7849872e-01  -4.3308999e-01
   1.0000000e+00   1.9919487e-02  -4.1057187e-02   9.3683972e-01   7.4394662e-01   2.2439873e-01   7.0493468e-01
   2.0000000e+00   5.1358019e-01   2.2625759e+00  -2.4663989e+00  -1.4078400e+00   2.2441435e+00   2.1369738e+00
   1.0000000e+00   4.9567002e-01   8.1249579e-01  -1.7554951e-01   4.2939221e-01   1.6341272e+00   3.4027531e-01
   2.0000000e+00   1.4676836e+00   1.0873924e+00   9.4153882e-01  -8.6944140e-01  -6.6330809e-01  -1.0489988e+00
   2.0000000e+00   3.4977919e-01  -7.7527298e-02  -7.3772225e-01  -2.2460283e+00   2.2304693e-01   7.0292889e-01
   2.0000000e+00  -3.1091618e-01   1.7775005e+00  -5.4406408e-01  -8.3647208e-01   4.5884494e-01  -8.4952334e-01
   2.0000000e+00  -9.7116911e-01   1.6065567e+00   1.0044972e+00   5.6694961e-01   1.8770193e+00   5.7574957e-01
   2.0000000e+00  -1.4910938e-01   1.5614670e+00   1.6237669e-01   1.6246368e+00   1.0224252e+00  -9.1442125e-01
   2.0000000e+00  -2.0217725e+00   5.0813157e-01   7.8865543e-01   1.3896819e+00   3.3946112e-01  -5.8288460e-01
   1.0000000e+00   4.5358922e-01   2.1967953e+00  -1.2214307e+00  -6.0096446e-02  -5.1974611e-01   1.8882665e-01
   2.0000000e+00  -4.1074745e-01  -1.2029931e+00  -5.5584722e-02   8.9645953e-01  -6.2699091e-01   5.4149813e-01
   2.0000000e+00  -8.3448636e-01   1.8939502e-02   5.8691647e-01  -8.6442529e-01  -7.2530583e-01  -4.2257405e-01
   2.0000000e+00  -2.6985347e+00   2.9142197e-01  -3.8481870e-01  -8.2963135e-01  -1.0527915e+00  -2.7329355e-01
   2.0000000e+00  -1.5849570e+00   8.9625813e-01   2.1715458e-01   1.7180115e+00   1.6686601e-01   1.5117238e-01
   2.0000000e+00  -5.8113232e-01   2.4689135e-01  -1.7793982e-02  -1.3217686e+00  -1.0571925e+00  -1.2505660e-01
   2.0000000e+00  -1.3507173e+00   5.5292021e-01  -2.5190087e+00   4.8190812e-01   8.2471672e-01   3.4444486e-01
   2.0000000e+00   9.2114889e-01  -1.1295423e+00   1.0618140e-01   4.8390475e-01  -2.1470061e-01   1.7085316e+00
   2.0000000e+00  -5.5083788e-01  -2.1899754e-01   3.6025023e-02  -1.0363592e+00  -1.9758816e-01  -2.2425347e+00
   2.0000000e+00  -1.9302091e+00  -4.5975444e-01   1.0152445e+00  -4.1143884e-01  -1.1156835e-01   1.0913568e+00
   2.0000000e+00   1.0434434e+00  -4.7431605e-01   4.6780512e-01  -4.5498325e-01   3.7320039e-01   5.4188114e-01
   2.0000000e+00   3.4380967e-01   4.0039934e-01   9.4042387e-01   1.4817509e+00   9.5263884e-01  -6.7630717e-02
   2.0000000e+00  -2.7364616e-01   3.1805174e-01   7.3931669e-01   7.5930440e-01  -4.9738574e-01   1.6860025e+00
   2.0000000e+00  -2.2688441e+00  -3.0467542e-01   3.7737103e-01   6.3835590e-01   1.0759917e-01   2.3458014e-01
   2.0000000e+00  -4.2572411e-01   6.5224236e-01  -1.6474260e+00   5.6277146e-01  -7.3650299e-01   1.1848981e+00
   2.0000000e+00  -6.1004669e-01  -4.4415635e-01  -1.4053549e+00   1.8416237e+00  -3.6345898e-01  -9.7925846e-01
   1.0000000e+00   4.6383230e-01  -2.7779886e-01   1.2605225e+00  -6.1345488e-01  -2.2558688e-02  -1.4072623e+00
   2.0000000e+00  -8.2949634e-01  -7.0242061e-01  -5.5353575e-02  -3.0550185e-01   8.2402401e-01   7.3415653e-01
   1.0000000e+00   4.1783238e-01   1.2474058e-01  -1.2243358e+00  -4.8527126e-02   6.8687362e-01  -1.6869599e+00
   2.0000000e+00  -4.9772874e-01   5.9182145e-02   6.3223047e-01   2.0756607e-01  -2.1659253e-01   1.3774613e-01
   2.0000000e+00  -1.0117537e+00  -1.4598653e+00  -1.8190426e-01   1.2321877e+00   1.1489786e+00   6.9372158e-01
   1.0000000e+00   1.7292248e-02  -8.8869403e-01  -8.1749741e-01  -7.7114858e-01  -1.0544885e+00  -8.3967805e-01
   2.0000000e+00   9.3953386e-02   3.6472402e-02  -1.1762548e-01  -1.4049764e+00  -3.9648977e-01  -1.2867831e+00
   2.0000000e+00  -1.6917438e+00   2.2067572e-01   3.5519083e-01   1.2414974e+00   1.0558650e+00  -8.7155789e-01
   2.0000000e+00  -7.0274890e-01  -9.3438306e-01  -9.9253750e-01   7.6422210e-01   7.6873882e-01   1.0557667e+00
   2.0000000e+00  -1.0184431e+00   1.0940371e+00  -9.8634824e-01  -8.3968230e-01  -7.5469291e-01  -7.0235098e-01
   2.0000000e+00  -2.6592979e-01   3.2786719e-01  -2.0058190e-01  -4.0364086e-02   7.2385375e-01   1.1384352e+00
   2.0000000e+00   1.0359035e+00   1.1537599e+00  -7.2500245e-01  -3.9898845e-01   4.4975588e-01  -1.0992179e+00
   2.0000000e+00  -3.2820422e-01   8.0821758e-01  -1.0854546e+00  -3.2926803e-01   2.4121825e-01   8.9493649e-01
   1.0000000e+00   1.6023615e-01  -1.5270340e+00  -6.3842815e-01   1.0712937e-01  -4.1537286e-01  -1.3725972e-02
   1.0000000e+00   2.0610761e-02   3.0242641e-01   9.0850420e-02   7.2854598e-01   5.0194378e-01  -4.1176964e-01
   2.0000000e+00   1.2808417e-01   2.0380981e+00   1.5827293e+00  -2.0300754e+00  -4.8909188e-01   1.5543769e+00
   1.0000000e+00   8.1658948e-01  -1.5684985e-01   1.0707502e+00   2.9419438e-01   6.6379096e-01  -4.5747591e-01
   2.0000000e+00   5.1298791e-01   3.4998135e-01  -8.1541464e-01  -2.6411745e+00  -6.2949273e-01   2.5920642e+00
   2.0000000e+00   4.9063984e-01   1.0156307e+00  -8.6066574e-01   1.5394722e+00   1.0638229e+00  -1.4244200e+00
   2.0000000e+00  -1.1484478e+00   8.6016416e-01   6.8812954e-01  -6.4412142e-01  -6.5883805e-01  -8.1976990e-01
   2.0000000e+00  -7.3863738e-02   1.3553470e+00  -5.0937958e-01   1.0920374e+00  -1.1568939e+00  -9.3864064e-01
   2.0000000e+00   6.7935250e-01  -1.0577351e+00   6.2775085e-01  -1.0341913e+00  -2.0833802e-01  -1.1107018e+00
   2.0000000e+00  -2.4749018e+00   3.7064134e-01  -7.5081355e-01  -2.6303139e+00  -6.6491373e-01  -1.3089419e-01
   2.0000000e+00  -1.0622701e+00   3.0440449e-01   5.4031893e-01  -5.7479851e-01  -6.9576276e-01   3.1367702e-01
   2.0000000e+00  -2.0532310e+00   3.6653422e-01   8.4235925e-02  -2.0936234e+00   7.1247517e-01   6.9660859e-02
   2.0000000e+00   3.0571843e-01   5.0207931e-01  -1.1984345e-01  -7.4017345e-01   1.1377696e+00   2.5253869e+00
   2.0000000e+00  -1.5960070e+00  -1.4583231e+00   3.3967720e-01   1.8270023e+00  -1.3312588e+00  -1.0473496e+00
   2.0000000e+00  -1.8122093e+00   1.2196921e+00   3.1292783e-01  -1.4313617e+00  -8.6565484e-01   8.8373226e-01
   1.0000000e+00   1.7302958e-01  -1.3401694e+00   2.4618559e+00  -3.1260967e-01  -7.7382651e-01   4.8740586e-02
   2.0000000e+00   9.5891337e-01  -1.1327306e+00  -8.4497488e-01  -8.5561606e-01  -2.7540853e+00  -1.8618620e-01
   2.0000000e+00   4.4873708e-02  -1.7596063e+00   5.8639153e-01   1.4618722e+00  -1.4972928e-01  -9.2066697e-01
   2.0000000e+00  -8.2631220e-01  -2.9109719e-01   9.8222887e-01   1.6810361e-01   5.6203035e-01   1.1539859e+00
   2.0000000e+00  -4.9429912e-01  -1.1738110e+00  -1.1838299e+00   1.1499454e+00   1.2614732e+00   1.4043369e+00
   2.0000000e+00  -2.2308540e+00   5.7099124e-02  -9.9425079e-03  -1.1345047e+00  -1.8559956e+00   1.2127382e+00
   2.0000000e+00  -4.0415294e-01  -1.7547910e+00   2.2822129e-01  -9.2879577e-01  -1.1352254e+00   1.5546508e+00
   2.0000000e+00  -4.5942189e-01  -6.2625333e-01   1.1096438e+00  -2.0699174e+00  -9.4148909e-02  -6.2440964e-01
   2.0000000e+00   1.9301204e+00  -1.2820765e+00  -5.4717332e-02   8.2907546e-01   1.1386584e+00   1.4025967e+00
   2.0000000e+00  -3.7950325e-01   1.1892892e+00  -8.5468068e-01   3.0587730e-01   1.8561172e-01   4.2835864e-01
   2.0000000e+00  -4.4600528e-01   5.0328547e-01  -1.2119231e+00  -1.2942408e+00  -1.6790454e+00   5.9107854e-01
   2.0000000e+00   1.5637544e+00   1.7531122e+00   2.8148421e+00  -1.3586142e+00  -1.5040432e+00  -8.1909864e-01
   2.0000000e+00  -1.5530223e-01   1.2818304e-01   1.1064644e+00  -2.0132061e-01  -2.0207418e+00  -1.3253380e+00
   2.0000000e+00  -1.4600572e+00  -8.3562221e-01   1.7386931e+00   8.1341115e-01  -1.4195113e+00  -6.4315162e-01
   2.0000000e+00  -1.1668121e+00  -1.7930388e+00  -9.4417798e-01  -1.3017951e+00  -1.1561910e+00   9.0435802e-01
   2.0000000e+00   5.1227934e-01   3.7500221e-01  -1.3845240e+00  -1.0138628e+00   5.2473523e-01  -7.3625397e-01
   2.0000000e+00   1.1477110e+00  -3.8728014e-01  -7.0787272e-02  -9.9571544e-01   6.3696603e-02  -1.6185403e+00
   2.0000000e+00  -2.9061523e-03   1.5861739e+00   5.5738835e-01   1.1282861e-01   1.6415237e+00  -1.1032878e+00
   2.0000000e+00  -6.7949824e-01  -6.5454022e-02  -1.1760996e+00   4.9097622e-01   9.5681976e-01   1.1739330e+00
   2.0000000e+00   1.0757303e+00   5.7352480e-02  -1.4591661e+00  -4.5766680e-02  -1.1509324e-01  -1.1905867e+00
   2.0000000e+00  -2.2347508e-01   7.9499664e-01   3.5400791e-01  -2.4788648e-01  -5.7719694e-01   2.3584148e+00
   2.0000000e+00  -9.3674511e-01  -6.9114606e-01   6.7189906e-01  -8.9641904e-01  -4.9432441e-01   5.7395987e-02
   2.0000000e+00   2.3192970e+00  -2.1418317e-01  -1.8396308e-01  -2.9958465e-01   6.5649128e-01   8.8302609e-01
   1.0000000e+00   6.1438553e-01   2.6401217e-01  -1.2428453e+00  -1.1788204e-01   3.5980558e-03  -1.6778186e+00
   2.0000000e+00  -8.1134728e-01   6.1288375e-01  -3.4912569e-01   1.4628058e+00   2.4257286e+00  -2.3706640e+00
   2.0000000e+00  -4.8152899e-01   1.0571158e+00   1.7604398e-02  -1.0575376e+00   6.6376992e-01  -7.2257097e-01
   2.0000000e+00  -4.8050346e-01  -1.7702469e+00   8.9344012e-02  -8.3128218e-01   2.9716309e-01  -3.6193638e-01
   2.0000000e+00   6.4369709e-01   7.9303148e-01   1.4390247e-01   8.5967240e-01  -2.3988276e+00  -1.5142196e+00
   2.0000000e+00  -8.1147378e-01  -1.7378662e+00   1.5553104e+00  -4.8821718e-01   8.4433890e-01   2.5520470e+00
   2.0000000e+00  -3.3225574e+00  -9.4003765e-01  -2.3908963e-01  -9.1052392e-01   8.4532888e-01   1.0383930e+00
   1.0000000e+00   6.9020672e-01   1.5049577e-01  -4.1740025e-01   5.4836537e-01  -1.3970316e+00  -1.4818696e+00
   2.0000000e+00  -9.9865630e-01   1.0380863e+00   7.7666050e-01  -3.9257823e-01  -6.8244027e-01   5.8762597e-01
   2.0000000e+00   2.5259681e-01  -7.7873009e-01   7.1556691e-01   1.4613837e+00   8.8879103e-01   1.6232361e-03
   1.0000000e+00   6.9337595e-01   1.8935431e-01  -1.1367978e+00  -3.5700280e-02  -4.4848123e-01  -7.8656441e-01
   2.0000000e+00  -2.9598023e-01  -7.4203039e-01   9.1850020e-01  -2.6337037e-01   1.8443269e+00  -4.5589171e-01
   2.0000000e+00  -2.0391898e+00  -6.7865571e-01  -1.2632473e+00  -6.1923239e-03  -5.8502451e-01   1.1201328e+00
   1.0000000e+00   1.7806529e-01   1.2438840e+00   5.4371270e-01   7.9358723e-01  -3.6684225e-01  -8.2048051e-01
   2.0000000e+00  -6.2575826e-02   1.4195126e-01  -5.5484221e-01   2.9586035e-01   4.4347175e-01  -1.4146690e-01
   1.0000000e+00   2.9209542e-01  -8.8643843e-01  -5.6787462e-01   8.7617563e-01  -1.8724898e-01   1.6021937e-01
   2.0000000e+00   5.6453079e-01  -7.8546563e-01  -1.9822502e-01   9.7482245e-01  -2.0521140e+00   1.6992579e-03
   2.0000000e+00  -9.7030514e-01   1.3327713e+00   9.7903410e-01   1.2840390e+00   2.0494189e+00  -3.6453810e-01
   1.0000000e+00   1.7820594e-01  -5.0189862e-01   2.0901127e+00   5.3873201e-01   1.3324429e-01  -6.2761644e-01
   2.0000000e+00  -4.0346613e-01  -1.4211659e+00   3.1609730e-02   1.6568049e+00   9.1233598e-01  -1.2344733e+00
   1.0000000e+00   2.0290848e-01  -1.5142393e+00   7.8610493e-01  -3.7776874e-02   1.1381642e+00   4.9103207e-01
   2.0000000e+00  -1.0643755e+00   9.5247536e-01   1.0749839e-01   7.4987452e-01  -4.7530545e-01  -7.5019421e-01
   2.0000000e+00   8.5888975e-02   1.0090118e+00  -1.0553464e+00   5.7240013e-01  -3.3970972e-01   2.4916221e+00
   1.0000000e+00   2.7072704e-01   1.9984988e+00  -7.3766936e-02   5.1522385e-01   1.9408118e+00  -1.7582317e-01
   2.0000000e+00  -4.2106367e-01   5.3412212e-01  -1.5480883e+00  -1.1002782e+00   3.8381808e-03   6.7766984e-01
   1.0000000e+00   4.7195095e-01   6.8496565e-01   8.3368187e-01   2.3700060e-01   1.4612031e+00   9.9455354e-01
   1.0000000e+00   6.4085346e-01   2.1534437e-01  -1.6273537e+00   2.9294032e-01  -2.6769988e-01  -1.3087600e+00
   2.0000000e+00  -1.1217156e+00   8.9589120e-01  -1.4781722e+00  -7.9193121e-01  -7.1303621e-01   1.0402657e+00
   2.0000000e+00  -1.0774864e-01   6.2514829e-01  -7.6252510e-01  -4.2286061e-01   1.3033688e+00  -2.4624292e-01
   2.0000000e+00   1.2838161e-01   7.0524459e-01  -4.5555480e-01   1.9454447e+00  -5.8282254e-01  -2.1390903e+00
   2.0000000e+00  -4.1004964e-01   1.4163420e-01  -1.2967729e+00  -9.1715629e-02  -3.7479842e-01   2.1593279e+00
   2.0000000e+00   1.6183654e+00   7.0625598e-01   8.9447250e-01   3.1655745e-01  -1.7353143e+00   5.1242490e-02
   1.0000000e+00   1.3718679e-01   8.8111109e-01   5.0238725e-01  -4.1310796e-01   2.0801053e+00  -2.8173700e-01
   2.0000000e+00   1.3258589e+00   8.9733377e-01   1.5574978e+00   6.0836706e-01  -9.2508118e-01  -2.0155052e-01
   2.0000000e+00  -2.7518144e-01   1.5918323e+00  -1.7593911e+00  -1.3639576e-01   4.6792022e-01  -9.4386395e-01
   2.0000000e+00  -6.1147421e-02  -5.0946719e-01  -6.1205722e-01  -2.6602029e+00   1.3012242e-01  -2.4363765e-01
   2.0000000e+00   4.0184427e-01  -1.2986492e+00  -5.0046542e-01  -5.4237478e-01  -1.7651522e+00  -1.9765740e+00
   2.0000000e+00  -6.7537839e-01   1.1186571e+00  -1.8807385e-02  -1.5617710e+00  -9.4753640e-01   7.4526263e-01
   2.0000000e+00  -6.1069426e-02   3.0204593e-01   1.7482780e+00   1.4610987e+00   2.9378710e-01   1.5369852e+00
   2.0000000e+00   1.0797336e+00  -1.0569647e+00  -4.1303617e-01   2.8049144e-01   8.1729264e-01  -3.8556453e-01
   2.0000000e+00   6.8310254e-01   1.2609918e+00   9.5154247e-02  -8.7691641e-01   6.9119855e-01  -6.4882443e-01
   1.0000000e+00   5.5094642e-02   1.0765773e+00   1.0313117e+00   4.5211458e-01   6.7737820e-01   6.8947907e-01
   2.0000000e+00   8.8992535e-01   2.8785171e-01  -3.7325360e-01  -4.9234813e-01   1.5023556e+00   1.2085836e-01
   2.0000000e+00  -7.6189882e-01  -2.2612746e+00   6.4627984e-02   1.5738238e+00   2.7253306e-01  -1.0713892e+00
   2.0000000e+00   1.1853284e+00  -1.9454442e-01  -1.3242509e+00  -2.2984335e+00  -6.5348348e-01   1.1428655e+00
   2.0000000e+00  -1.3292277e+00   1.8944479e-01  -2.3963412e+00   2.6139932e+00   4.3721904e-01  -4.6627868e-01
   1.0000000e+00   7.9595101e-02   8.7016788e-01  -1.1482842e+00  -5.9069360e-01  -1.4114837e+00   7.8882065e-01
   2.0000000e+00  -1.4065283e+00  -4.1635534e-01  -1.0205959e+00   2.6223158e-01   5.2254360e-01  -4.7703156e-01
   2.0000000e+00   9.6827382e-01  -1.5009292e+00   6.4249578e-01  -1.0282785e+00   1.5784062e+00   1.5734371e+00
   2.0000000e+00  -5.9944872e-01   6.0456344e-01   4.9041790e-01  -1.5973365e+00  -2.5298391e-01   6.8485785e-01
   2.0000000e+00  -2.1247847e-01  -1.8260759e+00   3.6142721e-01   4.2947343e-01   5.6230964e-01  -7.6413504e-01
   2.0000000e+00   1.2201917e+00   6.7929048e-01   8.5667132e-01   1.7557943e+00   1.1188748e+00  -1.1707764e+00
   2.0000000e+00  -7.1238840e-01   4.2443816e-01   1.1625088e+00   1.0957034e+00  -8.3344130e-01  -7.4871617e-01
   2.0000000e+00   1.8626065e-01   5.9263936e-01   1.0391069e+00   2.1656260e+00  -7.9574389e-02   1.8005019e-01
   2.0000000e+00  -4.2745913e-01   8.7759792e-01   3.7186798e-03  -1.0297080e-01   2.7834145e-01   1.6953354e+00
   2.0000000e+00   1.3064249e+00  -1.5145802e+00  -1.6358526e-01  -4.2510625e-01  -6.3096420e-01  -7.1515190e-01
   1.0000000e+00   4.8052953e-01   5.1668183e-01  -1.0270645e+00  -7.1922665e-01  -1.2596361e+00  -1.8379887e+00
   1.0000000e+00   6.0050610e-01   1.0906833e+00  -1.8907112e-02  -2.7799368e-01  -7.8568536e-01  -1.1847354e+00
   2.0000000e+00   1.4283752e-01   1.7230900e+00  -4.0080413e-01  -2.1936179e+00   4.1928970e-01  -1.1353075e+00
   2.0000000e+00   3.4183940e-01  -7.6723903e-01   1.3669167e+00   1.3402213e+00  -1.0720526e+00  -6.9195004e-01
   2.0000000e+00  -1.0514918e+00  -1.5786392e+00   1.2735964e-02  -4.6094276e-01   4.2366816e-01  -2.4100569e+00
   2.0000000e+00   1.9039575e+00  -2.0294842e+00   2.1057356e+00  -5.8233959e-01  -4.9345148e-01   8.2080619e-01
   2.0000000e+00  -1.6292949e+00   8.3807336e-01  -2.2691112e-01   3.8694541e-01   1.7629813e+00  -1.1645359e+00
   1.0000000e+00   8.5760267e-01  -1.6423606e+00  -2.6524788e-01  -4.5439707e-01   1.4913930e-01  -3.0912449e-01
   2.0000000e+00   1.4574418e+00  -3.0872223e-01   5.8324735e-01  -1.4359206e-02  -7.3718480e-01  -3.7434302e-01
   2.0000000e+00  -1.3619334e+00  -5.2939756e-01   5.5208735e-02  -2.0338132e-01  -4.8086944e-01   4.2311097e-01
   2.0000000e+00  -4.5097123e-01  -5.1150017e-01  -3.5070177e-01   2.5718395e+00  -8.3182642e-02  -1.8306039e+00
   2.0000000e+00  -2.7439127e-01   1.9270961e+00   2.2917604e+00  -3.2450932e-01  -5.3766989e-01  -1.9784438e+00
   2.0000000e+00  -1.9823413e+00  -2.5063440e-02   5.9641577e-01  -1.9141914e+00  -7.8558474e-01   7.6646131e-01
   2.0000000e+00  -1.1177848e-01  -4.0741905e-01   1.1068948e-01   8.4649183e-02  -3.8528752e-01  -9.6283835e-01
   2.0000000e+00   1.3153242e-01  -6.8399786e-01   1.4823835e-02  -2.3327678e+00  -1.5049080e+00   1.1460771e+00
   2.0000000e+00   7.3680058e-01  -1.2814908e-01   1.7117393e+00   1.0686583e+00   1.3430882e+00  -2.1065157e-02
   2.0000000e+00  -9.5628815e-01   6.0766427e-01  -6.0928261e-02   4.2460287e-01   1.4518045e+00  -2.5272893e-01
   2.0000000e+00  -3.9212867e-02   1.3016591e+00  -1.1454502e+00   7.1038671e-01   3.5944735e-01  -3.1314693e-01
   2.0000000e+00  -5.4103910e-01  -1.5575180e-01   1.7762398e+00  -1.6783938e+00  -1.2550499e+00   7.3194608e-01
   2.0000000e+00  -1.0934089e+00   1.4056884e-01  -1.3306560e+00  -3.6091367e-02   1.0607017e-01  -8.0702325e-01
   1.0000000e+00   7.9299972e-02   2.4644080e-01   4.1766907e-01  -3.6799772e-01   5.6343402e-01  -1.5532110e+00
   2.0000000e+00   1.1206830e+00   9.5121595e-01   2.0687347e+00   2.1924256e+00   1.1623547e+00  -1.7844441e-01
   2.0000000e+00  -1.1686233e+00   1.8020260e-01   1.2471229e+00  -2.0603044e+00   4.4961151e-01  -5.1820028e-01
   1.0000000e+00   4.5629338e-01  -7.4733263e-01  -3.6384541e-01  -5.2639664e-01  -9.4228402e-01  -9.2645631e-01
   2.0000000e+00   2.2215724e+00   7.9379660e-01   1.2220956e+00   3.7841983e-01   7.1797341e-01  -1.0177468e+00
   2.0000000e+00  -1.7858509e+00   9.4033642e-01  -4.8506964e-02  -2.5861990e-01  -1.6407417e+00   1.4461003e-01
   2.0000000e+00  -5.3853046e-01  -4.4381918e-01  -1.2502455e+00  -1.2055679e+00  -1.2794736e+00  -7.4490537e-01
   2.0000000e+00   2.7875426e+00  -1.6080303e+00  -2.8506127e-01  -1.4033458e+00   1.7298225e-01  -2.1311451e+00
   1.0000000e+00   4.5775051e-01  -1.8246447e+00  -8.5884849e-01  -4.9106208e-02  -7.7549444e-01   1.5379461e+00
   2.0000000e+00  -1.2127340e+00   1.8169630e+00  -1.3982181e+00  -1.6852382e+00   1.4272111e+00   1.4535528e+00
   2.0000000e+00   1.0736405e+00   9.3893624e-02   9.9314401e-01  -1.4023233e+00   5.5331662e-01  -3.6603093e-01
   2.0000000e+00  -1.8030389e+00  -3.9432485e-02  -1.6525569e+00  -3.1805393e-01  -1.0741784e+00   1.4013918e+00
   2.0000000e+00  -3.4860006e-01  -2.2348763e+00   1.4013009e+00  -2.7148757e-01  -1.5237393e-01  -1.0896102e-01
   1.0000000e+00   3.6161714e-01   4.9948686e-01   1.1786248e+00  -6.7617971e-01   5.0509824e-02   8.0753128e-01
   2.0000000e+00   1.1104689e+00   5.3858159e-01  -5.8432998e-01   3.7036751e-01   3.4679095e-01   7.7606456e-01
   2.0000000e+00   1.3526429e+00   2.6174517e+00  -1.7609711e+00  -7.7160996e-01  -6.2749336e-01   2.0901768e-01
   2.0000000e+00  -1.3619506e+00   7.0462760e-01  -2.4572732e-01  -4.2703786e-01  -2.0642932e+00   1.4275332e-01
   2.0000000e+00  -2.9745890e-01   1.7330662e+00  -5.9528487e-01   2.3315955e-01   7.2594361e-01   1.1995731e-01
   1.0000000e+00   7.5537499e-01   1.2488739e-01  -1.4215311e+00   2.7452468e-01   1.4604249e+00   6.1372241e-01
   2.0000000e+00   1.5759209e+00  -2.2197591e-01  -6.2085387e-01  -1.0612869e+00   3.7517139e-01  -7.1728078e-01
   2.0000000e+00  -4.9582849e-01  -9.4834618e-01  -1.1752770e+00   7.5882485e-01   2.8776806e+00  -3.3892406e-03
   2.0000000e+00  -9.5224411e-01   4.2272083e-01  -8.8978739e-01   3.9111300e-01   3.0043711e-01  -3.3643436e-01
   2.0000000e+00  -2.4711715e-01  -1.2825567e+00  -1.3683225e+00  -2.0623389e+00  -1.1896790e+00  -2.1072842e-01
   2.0000000e+00   8.7873530e-01   3.5450847e-02  -1.4576552e+00   1.9713538e+00  -2.8681982e-01  -8.4639755e-01
   1.0000000e+00   4.9999514e-01   1.1635732e+00  -8.2845760e-01   5.3818440e-01   2.3008057e-01  -1.2701017e+00
   2.0000000e+00   1.9348501e+00   1.0729430e+00   1.3368372e+00  -5.9599027e-01   1.5676277e+00  -2.3947882e+00
   2.0000000e+00  -1.1994898e+00  -5.4626256e-01   1.6272533e+00   1.0196830e+00  -3.1379972e-01  -3.9657060e-01
   2.0000000e+00  -2.0518231e+00   8.3792305e-01  -1.3011148e+00  -3.5723456e-01   1.2066273e-01  -1.4567667e+00
   1.0000000e+00   5.7797708e-01  -4.6061928e-01  -8.1311741e-01  -2.1784970e-01   1.2215702e+00  -1.1011520e+00
   2.0000000e+00  -3.0468628e-01   1.9826778e-01  -1.1985608e+00   1.8816606e+00  -3.5450561e-01   1.3434527e+00
   2.0000000e+00   1.5133490e+00  -1.0881315e+00   5.0545460e-01  -6.8565302e-01  -2.0288419e-01  -9.7136790e-01
   2.0000000e+00  -3.3829811e-01  -5.4522090e-01   8.7904314e-01  -2.7085740e-01   1.3864825e+00   1.4886454e-01
   2.0000000e+00   7.2308131e-01   3.4584907e-01   6.6626845e-01  -1.1128335e+00  -4.6673060e-01  -9.4211613e-01
   2.0000000e+00  -1.8083149e-01   1.1995072e-01   3.3424705e-01  -9.8660686e-01   6.6615109e-01   3.1311602e-01
   2.0000000e+00  -1.7106758e+00  -6.1707197e-01  -7.9174057e-02   4.6090629e-01  -1.3047795e+00  -6.1168829e-01
   1.0000000e+00   3.0150783e-01  -1.3099363e-02   8.3930741e-03  -7.6258697e-02   1.7354316e+00   8.8675877e-01
   1.0000000e+00   6.5476997e-01   3.3642510e-02   1.9819937e-01  -4.4166028e-01   1.1144052e+00  -6.1987579e-01
   2.0000000e+00  -5.9190488e-02   2.7581781e-02  -1.0989974e+00  -2.0066407e+00   1.5863172e+00   2.8994769e-01
   2.0000000e+00  -1.3082970e+00   9.9424260e-01  -5.3230417e-01   5.6681474e-01  -4.0316064e-01   8.8715464e-02
   2.0000000e+00  -1.1449836e+00   1.8308971e+00   6.7418887e-01  -7.4737759e-01  -5.1321557e-01   1.0590335e+00
   2.0000000e+00   3.1401824e+00  -6.3341244e-01  -1.3660833e+00  -2.9576740e-01  -1.0095846e+00  -1.3506776e+00
   2.0000000e+00   7.6199721e-01   1.5206846e+00  -1.5354324e+00  -8.1086207e-01  -1.5397507e+00   3.3141328e-01
   2.0000000e+00   1.0604858e+00   1.4061747e+00   2.2290104e-01  -1.0046622e+00   6.0315841e-01  -1.4963123e-01
   2.0000000e+00   1.6469222e+00  -2.6206686e+00  -1.8535360e+00   9.2362259e-01   4.3563866e-01  -8.6819457e-01
   2.0000000e+00  -2.7010153e-01  -4.0953588e-01  -4.7185590e-01  -3.4979598e-01  -1.0964265e+00  -9.7034007e-01
   2.0000000e+00  -1.0595412e+00  -2.1274077e+00  -4.6065193e-01   1.9561677e+00   9.2388280e-01   4.2779183e-02
   2.0000000e+00   1.5533133e+00   7.7833855e-01   5.7556086e-01  -2.2172840e-03  -8.9459916e-01  -3.2951925e-01
   2.0000000e+00  -1.5311450e+00   2.9685189e-01   8.6302356e-01  -6.2994843e-01  -7.1777000e-01  -1.4730781e-01
   2.0000000e+00   6.8849300e-01  -3.5756436e-04  -1.0435974e+00  -1.4022319e+00   9.2682542e-01   1.3086712e-01
   2.0000000e+00   1.0847191e+00  -6.3422206e-01   1.9739920e+00  -2.1703120e-02  -1.2740339e+00  -2.2707561e-01
   2.0000000e+00   5.1321553e-01  -1.2682466e-01  -7.2634504e-01  -1.1983613e+00   8.2265788e-02  -9.2101904e-01
   2.0000000e+00  -1.4701594e-01   1.2312116e-01  -1.5134931e+00  -1.1715378e+00  -1.7063514e-01   1.1727891e+00
   2.0000000e+00   1.2499945e+00   7.4601189e-01  -1.0838367e+00   6.4218440e-01  -1.8094370e+00   2.2954541e-01
   2.0000000e+00  -1.6049696e-02   3.7804727e-01   6.3360991e-01   1.1565277e+00  -6.5655376e-01   5.0853224e-01
   2.0000000e+00  -2.2232111e+00  -7.5682656e-01   1.0794868e+00  -7.2536862e-01   4.6738993e-01  -9.9038340e-01
   2.0000000e+00  -1.1064846e+00   3.3895819e-01  -2.8276383e-01   9.4868249e-01  -1.3826752e+00   2.2186916e+00
   2.0000000e+00   8.1349103e-01  -1.7293869e-01  -1.5253859e+00   8.9415503e-01   8.1465960e-01  -1.1145546e+00
   2.0000000e+00  -1.4002515e+00  -7.7315046e-01   1.1964234e+00  -7.2139766e-01  -1.4032660e+00   1.7319008e+00
   1.0000000e+00   3.6245412e-01  -5.7658141e-01  -3.2217753e-01   1.0276563e-01  -1.7586374e-01   3.5931422e-01
   2.0000000e+00  -9.6743412e-01  -1.7965835e-01   3.8623855e-02   3.3752534e-01  -8.2957529e-01   1.7320238e-01
   2.0000000e+00   1.5336642e+00   7.6478720e-01  -1.3077645e-01  -4.9336110e-01   6.3859292e-01  -8.1167709e-02
   2.0000000e+00  -1.1129653e+00   1.3560700e+00   5.1853717e-02  -4.4558889e-01   8.4474083e-01   2.7760715e+00
   2.0000000e+00   3.0575986e-02  -6.1228432e-01   1.0165369e-01  -1.5380666e+00   1.1076847e+00   4.7299584e-01
   2.0000000e+00  -9.1646084e-01   2.8368205e-01  -7.9408960e-01   1.5996567e+00  -1.0935449e+00   1.0303524e+00
   2.0000000e+00   2.8538826e-01   1.4675047e+00  -4.9230063e-02   3.5830118e-01  -1.4032786e+00   2.5619893e+00
   1.0000000e+00   1.8925201e-02  -1.8263467e+00  -3.0374544e-01  -8.5145491e-01  -9.9480255e-01  -3.0742349e-01
   1.0000000e+00   6.7819383e-01   7.3204215e-01   1.2261297e+00  -1.6149007e-01  -1.1442948e-01   1.7505335e-01
   2.0000000e+00  -3.5268251e-01  -1.1773059e+00   8.0671643e-01  -7.8932212e-01   1.5706077e-02  -3.7834366e-02
   1.0000000e+00   1.1193372e-01  -3.6239196e-01  -5.7230400e-01  -9.7988527e-01   4.1674138e-01   7.7175373e-01
   2.0000000e+00  -1.0514583e+00  -1.6564341e-01  -1.1626713e+00   2.3258577e+00  -1.4186032e+00   1.4142329e+00
   1.0000000e+00   2.2169460e-03   2.5147789e+00   5.3545104e-01   6.2837978e-01  -1.5749300e+00  -9.6154996e-01
   2.0000000e+00  -6.5731151e-01  -4.7208656e-01  -1.7012755e+00  -8.5911567e-01   3.8756861e-01  -6.8416264e-01
   2.0000000e+00  -1.9813006e-01  -2.6121561e-01  -1.7884112e+00   1.0084800e+00   9.2252484e-01   1.8011496e+00
   1.0000000e+00   2.6202440e-01  -2.2580784e+00  -2.6169182e+00  -2.9687768e-01  -1.1194014e+00   1.7150757e+00
   2.0000000e+00  -1.2488390e+00  -6.1827630e-01   7.2171267e-01  -2.0292539e+00  -2.1325767e+00  -7.6210355e-01
   2.0000000e+00  -5.1252465e-01   5.9259448e-01  -1.1601034e+00   1.8939456e+00  -5.4468992e-03  -8.7074847e-01
   2.0000000e+00  -1.1923848e-01  -1.7382398e+00  -1.0662498e+00  -8.9815261e-01   1.8051109e-01  -1.8189091e-01
   2.0000000e+00   2.2498576e-01  -4.9141694e-02  -5.0682660e-02   1.8471298e+00   4.5457841e-01   3.9527307e-01
   1.0000000e+00   3.0458086e-01   3.1895526e-01   1.2173715e-01   3.8108850e-01   6.8426771e-01  -2.8495110e-01
   2.0000000e+00  -7.8737882e-01  -2.8803088e-01  -2.9970806e-01  -1.0138152e+00   2.5190341e-01   1.0044234e+00
   1.0000000e+00   3.0398593e-01  -2.8800924e-02   6.5402202e-01  -7.4125125e-01   6.3049134e-01   7.2760546e-01
   2.0000000e+00   3.3255992e-01  -1.0417665e+00   1.5019017e+00  -9.4323196e-01  -1.2702589e+00  -9.8386582e-01
   1.0000000e+00   1.0736269e-01  -4.1163795e-01  -3.7339241e-01  -7.7843663e-01   8.5319521e-01  -1.0940545e+00
   2.0000000e+00  -7.7729686e-01   6.8068936e-01  -1.6273429e+00  -6.4713144e-01   1.2537528e+00  -3.9787476e-01
   2.0000000e+00   2.0159353e-01   3.5074974e-01   1.8190791e+00  -9.9256994e-01  -1.3239377e+00  -3.3679891e-01
   2.0000000e+00   1.2963209e+00  -1.2109156e-01  -7.9362054e-01  -3.2804468e-01  -5.9851588e-01   9.3137209e-01
   2.0000000e+00   1.2642480e+00   1.3966644e+00   3.9680358e-01   1.4396409e+00   2.0891704e+00   1.7443899e+00
   2.0000000e+00   1.4655420e+00   1.5913459e+00  -1.3244826e+00   7.8686074e-01  -8.7852756e-01  -1.8973990e+00
   2.0000000e+00   1.0634650e+00  -3.8204778e-01  -3.4613253e-01   1.3349355e-01  -1.3666806e+00  -1.0556977e+00
   2.0000000e+00   1.1136317e+00   4.6938921e-01  -2.2377627e-01   3.4404331e-01   1.3627661e+00   2.4844430e-01
   2.0000000e+00  -6.5802614e-01  -1.8946932e+00  -1.7553638e-01  -1.6213092e+00   8.7402982e-01  -3.6605979e-01
   1.0000000e+00   2.2517112e-01  -3.5999835e-01   1.4183220e-01   1.6184056e-02   2.0132274e+00   1.6709680e+00
   2.0000000e+00  -3.2062535e-01  -1.0538105e+00   1.6779010e+00  -2.6391693e-01   5.9329201e-01  -1.9398029e+00
   2.0000000e+00   1.4711341e+00  -1.3840065e+00   3.8086349e-02   1.5906412e-01   1.6440652e+00   2.1832376e-01
   2.0000000e+00  -5.9178868e-01  -1.5475099e+00  -9.5304708e-01  -7.9074351e-01  -8.5160669e-01   1.1015749e-01
   1.0000000e+00   2.3016645e-01   1.2616144e+00  -6.8140840e-01  -3.5968965e-01   6.3941792e-02  -3.2747394e-01
   2.0000000e+00  -3.8803161e-01  -2.0485825e+00   2.3795267e-01  -1.3655096e+00   8.3484311e-01   8.3413142e-01
   2.0000000e+00   1.0833776e+00   8.5427825e-01   8.4429678e-02   3.0551790e-01  -6.8491107e-01  -7.1008163e-02
   1.0000000e+00   2.9988050e-01  -1.5158398e+00  -1.4854461e+00  -2.2241238e-01   1.2024647e+00  -1.5442683e+00
   2.0000000e+00  -6.4981638e-01   1.2028423e+00   2.7485799e-01   1.0341001e+00  -5.7476578e-01  -1.2751557e+00
   2.0000000e+00  -1.1152126e+00   1.2707067e+00  -8.8745590e-01  -4.5934860e-01   1.2156237e+00   8.1544913e-01
   2.0000000e+00  -5.3800710e-01   2.1230571e-01  -3.7400183e-01  -1.0167528e+00   1.0385640e+00  -8.2318581e-01
   2.0000000e+00  -2.7984195e-01   5.3438331e-01  -3.8763845e-01  -8.0785307e-01   1.6194030e+00  -5.1530851e-01
   2.0000000e+00  -2.3008911e-01   4.5686900e-01  -2.6564408e-01  -9.3913290e-01  -3.6785593e-01   9.6856107e-02
   2.0000000e+00  -1.1199320e+00   1.2955605e+00   4.4155283e-01  -1.9703517e-01   4.7259649e-01   1.4780800e+00
   2.0000000e+00   2.7714463e+00  -1.5493840e+00  -9.2243884e-01   7.7010017e-01   8.5614965e-01   6.6119139e-01
   2.0000000e+00   2.7076041e-01  -3.1248482e-01  -9.3760341e-01  -2.1360401e+00   1.8070565e-02   1.7010107e+00
   2.0000000e+00   1.5175797e-01   1.9678258e+00  -1.3906606e-01  -1.6847968e+00  -1.0962415e+00  -1.1589186e+00
   2.0000000e+00  -3.9119902e-01  -3.9486366e-01  -7.9174749e-01   3.5881062e-01  -5.5261922e-01  -7.8969627e-01
   2.0000000e+00  -3.5011027e-01   4.6994521e-01  -1.4494056e+00   5.1793786e-01   2.2800634e+00  -1.3306555e-01
   2.0000000e+00   3.4637780e-01  -4.2709310e-01  -1.4450027e+00  -1.0782619e+00   1.9641756e-01   1.2368527e-01
   2.0000000e+00  -2.6988854e-01   5.0670787e-01  -3.4956105e-01   2.5352179e+00   1.4940162e+00   2.2941850e-01
   2.0000000e+00  -7.6742207e-01   1.5967683e+00   1.3521578e-01  -1.2752551e-01  -2.3202610e-02   4.7621645e-01
   1.0000000e+00   5.1354702e-01   5.5161233e-01   6.3354677e-01   4.3441201e-01  -1.2978732e+00  -7.3233142e-01
   2.0000000e+00   7.3223928e-01  -3.5188516e-01   4.7777452e-01  -1.0918110e+00   1.5272239e+00  -7.7598143e-01
   2.0000000e+00  -7.5588738e-01  -2.4649361e-01  -1.2855959e+00  -2.9354775e-01   9.8425047e-01  -1.4534442e+00
   2.0000000e+00  -4.3996619e-01  -8.5841787e-01  -1.1433387e-01  -4.6606266e-01  -7.7556647e-01   6.5522048e-01
   2.0000000e+00  -1.1863685e+00   1.7080579e+00  -2.5922271e+00  -1.3526205e+00   6.7049843e-02   1.1935283e-01
   2.0000000e+00  -8.5528093e-01  -1.6073842e+00  -2.0780119e+00   6.2143344e-01  -1.5660082e+00  -1.3018412e+00
   1.0000000e+00   7.7117630e-02   2.6066350e-01  -1.6393690e-01  -9.4066304e-01   1.0083345e+00  -8.2303022e-01
   2.0000000e+00  -4.8983996e-01   4.4594311e-01   1.4598680e+00   1.3656037e+00   9.8072117e-01  -2.2193834e+00
   1.0000000e+00   2.2051646e-02  -4.4809826e-01  -1.6603750e+00  -7.9526650e-01   7.1669713e-01  -7.8696913e-01
   2.0000000e+00  -9.2121238e-02  -9.7107323e-01   4.2513453e-01   5.1642850e-01   2.1538233e-01   4.7273701e-01
   1.0000000e+00   1.7683713e-01  -1.5916927e-01  -6.1258458e-01   5.8977868e-01   8.5760973e-01   1.6191813e+00
   2.0000000e+00   1.3748874e+00  -1.3902347e+00  -2.0122138e+00  -4.5332234e-01   6.5226039e-01  -1.1220876e+00
   1.0000000e+00   2.0136645e-01   5.2438102e-01  -6.7701201e-01   5.8305094e-01  -5.9818455e-01  -4.0378115e-01
   2.0000000e+00  -1.8199108e-01   3.8791864e-01  -3.3671734e-01   7.6793191e-01  -1.0620465e+00   6.8981431e-01
   1.0000000e+00   3.7194387e-01  -9.6019163e-01   1.3106746e+00  -3.0788617e-01  -5.5874368e-01   1.2765728e+00
   2.0000000e+00  -1.3783747e-01  -6.6901388e-01   5.3784508e-01   7.1451058e-01  -4.3125649e-01  -3.7053219e-01
   2.0000000e+00  -3.5981286e-01  -2.8676596e-01   1.2573290e+00  -6.4430932e-01   3.1331575e-01  -1.4084545e-01
   2.0000000e+00   1.7647231e+00   8.5860988e-01   1.3418108e-01  -1.8578246e+00   8.4159600e-01  -1.4692281e+00
   2.0000000e+00   9.6698132e-02  -7.1379228e-01  -1.1406108e+00   2.2861423e+00  -4.3660700e-01   1.1737414e+00
   2.0000000e+00  -5.6301798e-02  -1.1045188e+00   1.5484473e+00   1.6777664e-01  -9.6288843e-01   2.3606465e+00
   2.0000000e+00   9.3739512e-01  -1.3722741e+00   1.3131663e+00  -2.4496843e+00   3.9545853e-01   7.2574968e-01
   2.0000000e+00  -1.6326869e-01  -8.2478770e-01   7.0403915e-04   4.4544797e-01  -2.5600342e-01   1.5334772e+00
   2.0000000e+00   1.6559856e-01   1.5205707e+00  -7.9157001e-01   7.6682551e-01  -2.6500660e-01  -2.4051610e+00
   1.0000000e+00   3.6648694e-01  -9.6740286e-01   6.2898620e-01  -7.3746515e-01  -8.5777051e-01  -1.2305403e+00
   2.0000000e+00   2.0286998e+00  -1.0384893e+00  -1.7913970e-01   2.6372194e-01  -1.1661065e+00   1.0782860e-01
   2.0000000e+00  -7.9044233e-01  -8.9457227e-01  -1.6725580e+00   1.6762088e-01   3.2787665e-01   1.4771806e-02
   2.0000000e+00  -1.6744439e-02  -1.5841956e-01   1.0782559e+00  -8.5920641e-02   2.3566456e-01  -1.6833437e+00
   2.0000000e+00   5.6364275e-01  -7.1616420e-01   1.1865393e+00   9.4711785e-01  -1.8014845e+00  -1.3540342e+00
   2.0000000e+00   4.7565635e-01  -1.3091839e+00   2.4303680e-01  -1.0163522e+00  -1.1491030e+00   6.5504103e-01
   1.0000000e+00   5.8827017e-01   1.0602316e+00   1.0026056e-01   2.0731676e-01  -3.3518262e-01   8.7905905e-01
   2.0000000e+00  -1.0289100e+00  -1.2704117e+00  -3.4894398e-01  -1.4099122e+00  -6.5399139e-01  -1.5751105e+00
   2.0000000e+00   3.2616680e+00   1.0917576e+00  -1.4983831e+00  -1.3441612e+00   4.8426279e-01   2.0746073e+00
   2.0000000e+00   1.1281451e+00   1.0858356e+00   1.5058123e+00   1.1949423e-01   3.5315063e-01   2.2786586e-01
   2.0000000e+00   2.3019465e+00  -7.5131260e-01  -4.6939596e-01  -3.6042902e-01   5.2569142e-01  -1.3913497e+00
   1.0000000e+00   6.4982119e-01   4.9297911e-01   4.8991730e-01   1.1253846e-01  -1.9219499e-01   5.7490403e-03
   2.0000000e+00   1.5112167e+00  -5.5203867e-01   3.2856332e-02  -2.8154926e-01  -4.9406769e-01  -8.0394915e-01
   1.0000000e+00   6.1910398e-01   3.0300408e-01  -2.5181939e-01   3.2655606e-01   2.4991972e-01   8.6551840e-01
   1.0000000e+00   9.2641504e-01   4.2931176e-01   8.8474836e-02  -5.5413828e-02  -4.3680927e-01  -8.2870281e-01
   2.0000000e+00  -7.2959592e-01   2.1405762e-01   5.8945584e-01   6.5049541e-01  -1.3997461e+00   8.8664566e-01
   1.0000000e+00   4.5003933e-01  -2.0264398e-01   5.8356278e-01   5.2078951e-02   1.6095545e+00   1.2333556e+00
   2.0000000e+00  -5.9033869e-01  -6.1749349e-01  -1.3577723e+00   3.7726812e-01   1.1080805e+00  -4.4908236e-01
   2.0000000e+00   9.6224821e-01   1.5444120e+00  -3.9036233e-01  -1.6591522e+00  -9.4552209e-01   2.2195766e+00
   2.0000000e+00   1.0758538e+00   5.2903450e-01   3.2888109e-01  -3.4193469e-01  -4.7392413e-01  -5.1814724e-01
   2.0000000e+00  -4.3213978e-01  -3.4083973e-01  -1.0064000e+00   1.8927203e-01   2.1529953e+00  -9.5043737e-01
   2.0000000e+00   8.7822185e-01  -1.8044417e-01  -4.3438745e-01  -5.3604397e-01   2.7573497e-02   6.0627029e-01
   2.0000000e+00  -1.7521375e+00   7.8638699e-01  -1.8731913e-01   9.5340821e-01  -6.7896478e-01  -6.5301142e-01
   2.0000000e+00  -7.1858134e-01   2.7524817e-01   1.1881626e+00   4.4464940e-01   8.2827488e-01  -1.7521582e-01
   1.0000000e+00   1.0028801e-02  -6.1697260e-01  -1.5387826e+00   3.3210768e-01   1.9113325e-01   1.4964153e+00
   2.0000000e+00  -1.1022154e+00   5.9901412e-01   9.0037922e-01   1.1885224e+00   1.3173131e+00  -9.4999865e-01
   2.0000000e+00   1.6763363e+00  -1.2294868e+00   1.2327914e+00  -8.1970555e-01  -2.7803261e-01  -1.4744192e+00
   2.0000000e+00   1.6696593e+00  -2.8646981e-01   7.5569820e-01   6.5664188e-01   7.5389791e-01  -4.7303051e-01
   1.0000000e+00   8.1291561e-01   1.1766516e+00   3.9663251e-01   1.0383601e-02  -9.9778554e-01  -5.6229904e-02
   2.0000000e+00   1.5526749e+00   2.0351241e+00   1.0420787e+00   8.8811611e-01  -9.4469457e-01  -1.7990214e+00
   2.0000000e+00   8.7545161e-01   2.0007447e-01   3.4939420e-01  -7.1853039e-01  -3.8822422e-01  -1.2929819e+00
   2.0000000e+00  -2.1955729e-01   1.6401064e+00  -6.3564870e-01  -7.4941786e-02  -1.4697498e+00  -1.7089781e+00
   2.0000000e+00  -6.1509036e-01  -1.7163940e+00  -2.4319747e+00  -3.8072360e-02  -9.1552420e-01   6.8003089e-01
   1.0000000e+00   5.5373731e-01  -3.0532026e+00  -6.4224085e-02  -3.2157612e-01   1.1592399e+00   7.9220454e-01
   2.0000000e+00  -7.8692977e-01  -3.4150885e-01   2.5369068e+00   1.0625819e-01   1.3045477e+00   4.5764188e-01
   2.0000000e+00   2.9070671e+00   2.9272124e+00   3.7663177e-01   4.7054499e-01   3.5967744e-01   4.4800776e-01
   2.0000000e+00   1.0100956e+00  -4.9799430e-01  -2.9264998e-01   1.4781555e-01   1.6747570e-01   7.9125959e-01
   2.0000000e+00   8.3864792e-01   2.7193453e-01  -3.1489526e-01   8.3137479e-01   5.4208644e-01   1.5790470e+00
   2.0000000e+00  -1.6115551e+00  -3.2423187e-01  -1.4483533e-01  -1.4465314e+00  -1.4435019e-01   5.0104355e-01
   1.0000000e+00   1.6022789e-01  -2.3394637e-03  -1.0633568e-01  -7.6332922e-01  -4.6702822e-02  -7.4248503e-01
   2.0000000e+00  -1.1132233e+00   1.3913384e+00  -1.3254584e-01   9.3640135e-03   8.4385279e-01   5.8581863e-01
   2.0000000e+00  -1.7401928e-01  -1.8354987e+00  -7.2256735e-01   1.0635655e+00   1.7928777e-01   1.0645927e+00
   2.0000000e+00   2.7308132e-01   6.5989980e-01  -1.3032917e+00  -1.4407073e+00   1.3550837e+00  -1.0282620e+00
   2.0000000e+00  -2.3923886e+00   1.8256099e+00  -6.7880853e-01   5.9049064e-02  -1.8967615e+00   2.4801547e-01
   2.0000000e+00  -3.4102734e-02  -1.4699862e+00   1.9345920e-01   8.6205448e-01  -7.7621313e-01   1.8337909e-01
   2.0000000e+00  -8.8216545e-01  -4.4530589e-01  -1.4618044e-01  -1.5878305e+00  -3.0948790e-01  -1.8572464e+00
   2.0000000e+00   1.0072727e+00  -7.1377469e-01   3.1305801e-01  -2.9848009e-01   1.0606336e+00  -4.9095245e-02
   2.0000000e+00  -1.8183849e+00  -1.5088207e+00   9.0648351e-02   3.6343239e-02  -2.3039382e-01  -7.8288744e-01
   2.0000000e+00  -1.9190934e+00  -6.7827343e-01  -1.1258546e+00   6.7144812e-01  -7.3455622e-01   3.8966017e-01
   2.0000000e+00  -5.4940365e-01   1.5329121e+00  -5.5258972e-01   3.6165611e-01  -1.0781441e+00   1.9486142e-01
   2.0000000e+00  -1.2641522e-01  -3.9202113e-01  -1.1227802e+00   2.2251125e+00  -8.6445427e-01  -1.5121069e+00
   2.0000000e+00  -8.0005978e-01   1.4458258e-01   6.9986376e-01   4.5953302e-01   1.0207664e+00  -1.7217188e+00
   2.0000000e+00   9.9219394e-01   7.5183168e-01  -1.7535141e+00  -7.5002520e-01   1.1436820e-02   6.9259163e-01
   2.0000000e+00  -4.3041779e-01  -4.1113347e-01  -3.6180995e-01   8.7302683e-01   3.0908316e+00   2.0120127e-01
   1.0000000e+00   2.8520348e-01  -7.4118721e-01   2.7086311e-01  -6.4981535e-01  -8.0785921e-01   3.0628116e-01
   1.0000000e+00   1.2208708e-01  -8.0652382e-01  -8.0593898e-01  -4.2227855e-01   9.3618304e-01  -1.4501524e+00
   2.0000000e+00  -2.8376443e-01   2.3969854e-01   5.4847837e-01  -1.6458059e+00   1.0910313e+00  -2.3675559e-01
   2.0000000e+00   1.5822340e-01  -1.5559753e+00  -2.4692757e-01   1.3259531e+00   1.0575296e-01   1.7132021e+00
   2.0000000e+00   1.0147498e+00   1.3052583e+00  -7.6712319e-01  -1.6498046e-01  -5.7181901e-01  -1.1492251e+00
   2.0000000e+00  -3.7757923e-01  -6.4559942e-01  -1.0578062e+00  -5.1453340e-01  -8.9110052e-01  -8.1138399e-01
   2.0000000e+00  -5.1325167e-01   1.1450711e+00  -2.1570074e-01   1.2816043e+00  -1.8446216e-01  -1.0250141e-01
   1.0000000e+00   5.1616775e-01  -8.7913060e-01   5.3140372e-01  -4.8744062e-01   1.0653076e+00   1.5418644e+00
   1.0000000e+00   3.8501170e-02   1.0666483e+00  -7.0813967e-01  -5.9980767e-01  -3.3970395e-01  -1.1105310e+00
   2.0000000e+00  -8.5911529e-01   4.9610412e-01  -1.8620331e+00   3.5015917e-01  -1.0150124e+00  -1.5925284e-02
   2.0000000e+00  -1.0102711e+00   1.8572341e+00   1.4841445e+00   6.0285898e-01  -1.8299482e+00  -5.1419126e-01
   2.0000000e+00  -2.8631974e-01  -8.5464494e-01  -1.2541649e+00   8.8974802e-02  -6.1458220e-01   3.8734928e-01
   2.0000000e+00  -3.6127395e-02   1.2235115e+00  -2.0805044e-01   5.2477746e-02  -6.4999207e-01   1.9738132e-01
   2.0000000e+00  -1.0315679e+00   3.2011158e+00   1.1939307e+00  -1.1026916e+00   8.5027488e-01  -8.9353309e-01
   2.0000000e+00  -1.1929474e+00  -1.8573918e+00  -1.3313127e-01   8.2544572e-01  -4.1057374e-01  -2.7633732e-03
   2.0000000e+00  -1.9873604e+00  -2.4699328e-01  -2.9240069e-01   1.9298805e+00  -1.0611809e-01   1.5427908e+00
   2.0000000e+00   1.1397263e+00  -5.1805515e-01  -5.3664031e-01   2.1848592e-01   5.4421717e-02   5.4351525e-01
   2.0000000e+00   6.3113696e-01   1.7259521e-01   1.6258363e+00  -1.5089000e+00  -1.1296978e-01   4.0874887e-02
   1.0000000e+00   2.5466967e-01  -1.8615459e+00   5.8476863e-01  -9.0527718e-01   1.4363316e+00  -7.8321786e-01
   2.0000000e+00  -1.5121401e+00   3.2112967e-01  -1.1597289e+00  -9.5969694e-01   9.3968722e-01   1.2977934e+00
   2.0000000e+00  -1.9669010e+00   9.8699151e-01   8.2743476e-01  -3.2640006e-01   3.5078969e-02  -1.2820849e+00
   2.0000000e+00  -1.7850730e-01   5.0308063e-01   9.7129987e-01  -3.2605260e+00  -9.0767660e-01  -2.3186282e-01
   2.0000000e+00   2.9239164e+00  -9.7616826e-01  -3.2794600e-01   3.1904828e-01  -5.0788735e-01  -2.1078621e+00
   2.0000000e+00   1.1693304e+00   1.9332678e+00  -6.2726758e-01  -5.5711239e-01   3.5574137e-02  -2.9600904e+00
   2.0000000e+00  -8.5559134e-01  -1.4664379e-02  -1.3579465e+00  -5.4945598e-01   4.1712710e-01   2.6569563e-01
   2.0000000e+00   7.7885425e-01   1.2105311e+00   3.5858301e-01  -8.8689777e-01  -4.4118683e-01  -3.2451950e-01
   2.0000000e+00  -8.2626822e-01   7.4611424e-01  -6.2251766e-01  -5.4337360e-01   6.1735057e-01   4.1755572e-01
   2.0000000e+00   1.3292834e+00  -5.6782562e-01   1.3939187e+00  -2.2976004e+00  -4.8058622e-01  -6.5309856e-01
   2.0000000e+00  -1.4576794e+00   5.7386590e-01  -2.3401925e-02   8.7408754e-01  -8.8896754e-01   7.3422883e-01
   2.0000000e+00   8.1740102e-01  -4.8089710e-01   1.5685702e+00   1.0125431e+00   2.9715276e-01   1.1119632e+00
   2.0000000e+00   1.7101746e+00  -3.5340423e-02   2.7504688e+00  -2.2454218e+00   2.1384237e-02  -2.7543491e-01
   2.0000000e+00   3.2619133e-01  -1.1117077e+00  -3.1863221e-01  -1.6146921e+00  -1.0447461e+00   9.8872667e-01
   2.0000000e+00  -6.0128355e-02  -1.2446202e+00  -2.0485361e+00  -6.1020821e-01  -9.8043518e-01   4.7783958e-01
   2.0000000e+00  -3.2812494e-01  -1.5671591e+00   8.8395923e-01  -9.5179774e-01  -1.1473512e+00   7.2339374e-01
   1.0000000e+00   1.6298665e-01  -9.7250846e-01   2.0999798e-01  -5.7894772e-01  -6.8210336e-01  -4.8577107e-01
   2.0000000e+00  -8.7710622e-01   1.0219798e+00  -3.3218002e-01   6.2080168e-01   8.4920353e-01  -6.3717774e-02
   2.0000000e+00  -1.1966021e+00   2.4925166e-01  -5.5306612e-01   3.9713587e-02   5.1538777e-01  -1.5573918e+00
